insert = 0.035706
delete = 0.020109
