insert = 7.911520
delete = 0.000662
